14.57
19.36
10.36
10.13
5.02
17.18
12.01
19.90
6.32
15.24
7.61
19.67
8.76
19.11
18.24
15.44
11.31
12.70
5.17
17.58
13.93
5.04
12.64
19.48
10.21
16.21
18.93
7.12
17.01
7.29
4.87
10.79
11.92
8.34
6.69
14.60
19.42
12.99
10.24
17.68
17.91
4.87
10.94
15.05
16.15
15.83
17.26
9.29
16.18
15.32
16.78
19.94
4.72
14.84
16.45
10.15
16.39
14.85
18.95
8.54
8.10
8.15
12.13
10.41
7.40
11.21
14.10
6.38
10.09
15.81
17.22
4.69
10.90
5.39
16.28
12.42
5.06
7.72
4.27
9.37
7.89
16.21
5.07
15.08
13.19
16.82
18.19
8.75
11.36
7.67
15.05
8.75
17.71
14.10
5.98
4.36
5.94
7.50
13.42
16.25
14.83
4.08
7.24
13.20
4.98
4.79
15.44
7.74
4.16
5.78
4.92
5.64
15.14
19.72
11.40
6.56
17.26
19.94
8.26
5.24
18.56
8.92
15.24
18.58
4.05
19.92
15.37
14.56
9.03
10.35
17.86
17.16
17.25
5.33
11.92
17.39
15.72
10.41
12.61
13.72
7.73
13.48
10.07
18.52
19.81
6.87
14.82
18.68
4.74
14.41
18.94
8.21
11.30
17.97
11.04
17.32
5.56
17.53
13.51
5.53
16.51
4.34
19.52
16.80
18.83
9.23
19.46
14.28
6.41
16.91
17.33
8.63
14.00
5.05
7.26
13.97
8.98
15.78
13.50
10.26
13.08
7.37
18.51
11.90
4.37
17.13
5.42
12.57
11.28
9.34
14.36
19.13
16.85
8.51
18.61
12.33
17.66
6.15
11.48
7.58
